{
 "cells": [
  {
   "cell_type": "code",
   "execution_count": 4,
   "metadata": {},
   "outputs": [],
   "source": [
    "import numpy as np\n",
    "from Robot import UR5Arm\n",
    "from fwdkin import fwdkin\n",
    "import math\n",
    "from path_planning import path_planner\n",
    "from Arm_Lib import Arm_Device\n",
    "from utils import rot\n",
    "Arm = Arm_Device()\n"
   ]
  },
  {
   "cell_type": "code",
   "execution_count": 5,
   "metadata": {},
   "outputs": [
    {
     "name": "stdout",
     "output_type": "stream",
     "text": [
      "[[ 0.       0.       0.08285 -0.       0.      -0.12842]\n",
      " [ 0.       0.       0.      -0.       0.      -0.     ]\n",
      " [ 0.1045   0.       0.      -0.08285  0.      -0.     ]] [[ 0  0  0  0 -1]\n",
      " [ 0 -1 -1 -1  0]\n",
      " [ 1  0  0  0  0]]\n"
     ]
    }
   ],
   "source": [
    "ex = np.array([1,0,0])\n",
    "ey = np.array([0,1,0])\n",
    "ez = np.array([0,0,1])\n",
    "l0 = 0.061 # base to servo 1\n",
    "l1 = 0.0435 # servo 1 to servo 2\n",
    "l2 = 0.08285 # servo 2 to servo 3\n",
    "l3 = 0.08285 # servo 3 to servo 4\n",
    "l4 = 0.07385 # servo 4 to servo 5\n",
    "l5 = 0.05457 # servo 5 to gripper\n",
    "P01 = ( l0 + l1 ) * ez \n",
    "P12 = np.zeros (3) # translation between 1 and 2 frame in 1 frame\n",
    "P23 = l2 * ex # translation between 2 and 3 frame in 2 frame\n",
    "P34 = - l3 * ez # translation between 3 and 4 frame in 3 frame\n",
    "P45 = np.zeros (3) # translation between 4 and 5 frame in 4 frame\n",
    "P5T = -( l4 + l5 ) * ex \n",
    "\n",
    "P = np.array([P01, P12, P23, P34, P45, P5T]).T\n",
    "H = np.array([ez, -ey, -ey, -ey, -ex]).T\n",
    "print(P,H)\n",
    "limits = None \n",
    "dofbot = UR5Arm(P, H, limits)"
   ]
  },
  {
   "cell_type": "code",
   "execution_count": 6,
   "metadata": {},
   "outputs": [],
   "source": [
    "Kp = 0.0000001\n",
    "Ki = 0.00000001\n",
    "Kd = 0.00000001\n",
    "\n",
    "doPID = True \n",
    "\n",
    "time = 800\n",
    "N = 5\n",
    "\n",
    "hover = [90, 40, 40, 90, 90]\n",
    "hover_right = [65, 40, 40, 90, 90]\n",
    "hover_2 = [62, 61, -13, 100, 90]\n",
    "\n"
   ]
  },
  {
   "cell_type": "code",
   "execution_count": 21,
   "metadata": {},
   "outputs": [
    {
     "name": "stdout",
     "output_type": "stream",
     "text": [
      "[[ 3.58400612e-01 -2.23953558e-01 -9.06307787e-01]\n",
      " [-7.68592593e-01  4.80269956e-01 -4.22618262e-01]\n",
      " [ 5.29919264e-01  8.48048096e-01 -9.41522522e-17]] [[-4.14518786e-01  2.20403548e-01 -8.82947593e-01]\n",
      " [-7.79596452e-01  4.14518786e-01  4.69471563e-01]\n",
      " [ 4.69471563e-01  8.82947593e-01 -9.80268747e-17]]\n",
      "[-0.11042525  0.23680771  0.05112049] [0.12091552 0.22740902 0.04798565]\n",
      "[[-0.5566704  -0.24620194 -0.79341204]\n",
      " [-0.66341395  0.70658796  0.24620194]\n",
      " [ 0.5         0.66341395 -0.5566704 ]] [0.15816513 0.18849386 0.11814353]\n",
      "[-5.93641222e-08  1.31662043e-08 -3.82107213e-09  2.14878152e-05\n",
      "  9.68848149e-05 -7.24935068e-07]\n",
      "Inverse Kinematics Converged after 166 iterations\n",
      "q_0: [1.35254194 1.57309424 1.56500276 1.57429191 1.78905071]\n",
      "[[-0.5566704  -0.24620194 -0.79341204]\n",
      " [-0.66341395  0.70658796  0.24620194]\n",
      " [ 0.5         0.66341395 -0.5566704 ]] [0.15816513 0.18849386 0.11814353]\n",
      "[-2.12989104e-05 -2.41208330e-05 -2.07527463e-05  5.43824948e-06\n",
      " -6.05502547e-05  9.44446327e-05]\n",
      "Inverse Kinematics Converged after 94 iterations\n",
      "q_dest: [1.57076433 1.66800526 0.63539466 0.40183913 1.57076971]\n",
      "Path following errors:\n",
      "[array([-85.64745806, -92.42690576, -42.43499724, -28.42570809,\n",
      "       -89.21094929]), array([-87.59290247, -93.403178  , -34.66739926, -22.71882128,\n",
      "       -88.26551954]), array([-87.53834687, -93.37945025, -34.89980129, -23.01193448,\n",
      "       -88.32008979]), array([-87.48379127, -93.3557225 , -35.13220332, -23.30504768,\n",
      "       -88.37466004]), array([-87.42923567, -93.33199474, -35.36460534, -23.59816087,\n",
      "       -88.42923029])]\n",
      "[[-0.5566704  -0.24620194 -0.79341204]\n",
      " [-0.66341395  0.70658796  0.24620194]\n",
      " [ 0.5         0.66341395 -0.5566704 ]] [0.15816513 0.18849386 0.11814353]\n",
      "[-2.12989104e-05 -2.41208330e-05 -2.07527463e-05  5.43824948e-06\n",
      " -6.05502547e-05  9.44446327e-05]\n",
      "Inverse Kinematics Converged after 94 iterations\n",
      "q_0: [1.57076433 1.66800526 0.63539466 0.40183913 1.57076971]\n",
      "[[-0.5566704  -0.24620194 -0.79341204]\n",
      " [-0.66341395  0.70658796  0.24620194]\n",
      " [ 0.5         0.66341395 -0.5566704 ]] [0.15816513 0.18849386 0.11814353]\n",
      "[-1.63074186e-06 -3.08563533e-06 -3.42327182e-06 -1.30448578e-05\n",
      "  3.09057831e-05 -9.51330533e-05]\n",
      "Inverse Kinematics Converged after 116 iterations\n",
      "q_dest: [2.0071239  0.44578841 1.48075012 0.65654598 1.57079384]\n",
      "Path following errors:\n",
      "[array([-107.42923567,  -35.33199474,  -77.36460534,  -35.59816087,\n",
      "        -88.42923029]), array([-112.32014578,  -23.63754896,  -83.15326648,  -36.53448416,\n",
      "        -88.42922426]), array([-112.21105589,  -23.94310317,  -82.94192761,  -36.47080744,\n",
      "        -88.42921822]), array([-112.10196599,  -24.24865738,  -82.73058875,  -36.40713073,\n",
      "        -88.42921219]), array([-111.9928761 ,  -24.55421159,  -82.51924988,  -36.34345402,\n",
      "        -88.42920616])]\n",
      "[[-0.5566704  -0.24620194 -0.79341204]\n",
      " [-0.66341395  0.70658796  0.24620194]\n",
      " [ 0.5         0.66341395 -0.5566704 ]] [0.15816513 0.18849386 0.11814353]\n",
      "[-1.63074186e-06 -3.08563533e-06 -3.42327182e-06 -1.30448578e-05\n",
      "  3.09057831e-05 -9.51330533e-05]\n",
      "Inverse Kinematics Converged after 116 iterations\n",
      "q_0: [2.0071239  0.44578841 1.48075012 0.65654598 1.57079384]\n",
      "[[-0.5566704  -0.24620194 -0.79341204]\n",
      " [-0.66341395  0.70658796  0.24620194]\n",
      " [ 0.5         0.66341395 -0.5566704 ]] [0.15816513 0.18849386 0.11814353]\n",
      "[-1.20713820e-05 -2.28424552e-05 -2.53413447e-05  2.54765997e-05\n",
      " -3.29432314e-05 -9.43710350e-05]\n",
      "Inverse Kinematics Converged after 97 iterations\n",
      "q_dest: [2.00709355 0.48887139 0.78389044 1.31030486 1.57077793]\n",
      "Path following errors:\n",
      "[array([-111.9928761 ,  -24.55421159,  -48.51924988,  -70.34345402,\n",
      "        -88.42920616]), array([-111.99288369,  -24.54344085,  -43.6934648 ,  -74.1800143 ,\n",
      "        -88.42921014]), array([-111.99289128,  -24.5326701 ,  -43.86767972,  -74.01657458,\n",
      "        -88.42921411]), array([-111.99289886,  -24.52189935,  -44.04189464,  -73.85313486,\n",
      "        -88.42921809]), array([-111.99290645,  -24.51112861,  -44.21610956,  -73.68969514,\n",
      "        -88.42922207])]\n",
      "[[-0.5566704  -0.24620194 -0.79341204]\n",
      " [-0.66341395  0.70658796  0.24620194]\n",
      " [ 0.5         0.66341395 -0.5566704 ]] [0.15816513 0.18849386 0.11814353]\n",
      "[-1.20713820e-05 -2.28424552e-05 -2.53413447e-05  2.54765997e-05\n",
      " -3.29432314e-05 -9.43710350e-05]\n",
      "Inverse Kinematics Converged after 97 iterations\n",
      "q_0: [2.00709355 0.48887139 0.78389044 1.31030486 1.57077793]\n",
      "[[-0.5566704  -0.24620194 -0.79341204]\n",
      " [-0.66341395  0.70658796  0.24620194]\n",
      " [ 0.5         0.66341395 -0.5566704 ]] [0.15816513 0.18849386 0.11814353]\n",
      "[ 3.05021673e-06 -5.45224596e-05 -1.40990154e-05  1.58122956e-05\n",
      " -3.66025959e-05 -9.37591435e-05]\n",
      "Inverse Kinematics Converged after 89 iterations\n",
      "q_dest: [1.57071725 1.11240319 0.23300708 0.92352081 1.57071151]\n",
      "Path following errors:\n",
      "[array([-92.99290645, -55.51112861, -17.21610956, -54.68969514,\n",
      "       -88.42922207]), array([-88.10200053, -61.35524566, -12.3538304 , -52.78639115,\n",
      "       -88.42923868]), array([-88.2110946 , -61.19936271, -12.49155124, -52.88308716,\n",
      "       -88.42925528]), array([-88.32018867, -61.04347976, -12.62927208, -52.97978318,\n",
      "       -88.42927189]), array([-88.42928275, -60.88759681, -12.76699292, -53.07647919,\n",
      "       -88.42928849])]\n",
      "[[-0.5566704  -0.24620194 -0.79341204]\n",
      " [-0.66341395  0.70658796  0.24620194]\n",
      " [ 0.5         0.66341395 -0.5566704 ]] [0.15816513 0.18849386 0.11814353]\n",
      "[ 3.05021673e-06 -5.45224596e-05 -1.40990154e-05  1.58122956e-05\n",
      " -3.66025959e-05 -9.37591435e-05]\n",
      "Inverse Kinematics Converged after 89 iterations\n",
      "q_0: [1.57071725 1.11240319 0.23300708 0.92352081 1.57071151]\n",
      "[[-0.5566704  -0.24620194 -0.79341204]\n",
      " [-0.66341395  0.70658796  0.24620194]\n",
      " [ 0.5         0.66341395 -0.5566704 ]] [0.15816513 0.18849386 0.11814353]\n",
      "[-2.12989104e-05 -2.41208330e-05 -2.07527463e-05  5.43824948e-06\n",
      " -6.05502547e-05  9.44446327e-05]\n",
      "Inverse Kinematics Converged after 94 iterations\n",
      "q_dest: [1.57076433 1.66800526 0.63539466 0.40183913 1.57076971]\n",
      "Path following errors:\n",
      "[array([-88.42928275, -88.88759681, -32.76699292, -25.07647919,\n",
      "       -88.42928849]), array([-88.42927098, -93.7486963 , -35.66639602, -23.20689961,\n",
      "       -88.42927394]), array([-88.42925921, -93.60979578, -35.56579913, -23.33732003,\n",
      "       -88.42925939]), array([-88.42924744, -93.47089526, -35.46520224, -23.46774045,\n",
      "       -88.42924484]), array([-88.42923567, -93.33199474, -35.36460534, -23.59816087,\n",
      "       -88.42923029])]\n",
      "[[-0.5566704  -0.24620194 -0.79341204]\n",
      " [-0.66341395  0.70658796  0.24620194]\n",
      " [ 0.5         0.66341395 -0.5566704 ]] [0.15816513 0.18849386 0.11814353]\n",
      "[-2.12989104e-05 -2.41208330e-05 -2.07527463e-05  5.43824948e-06\n",
      " -6.05502547e-05  9.44446327e-05]\n",
      "Inverse Kinematics Converged after 94 iterations\n",
      "q_0: [1.57076433 1.66800526 0.63539466 0.40183913 1.57076971]\n",
      "[[-0.5566704  -0.24620194 -0.79341204]\n",
      " [-0.66341395  0.70658796  0.24620194]\n",
      " [ 0.5         0.66341395 -0.5566704 ]] [0.15816513 0.18849386 0.11814353]\n",
      "[-6.85859967e-05 -9.73244383e-05  5.17012552e-06  1.43105643e-05\n",
      " -4.71134733e-06  6.76441665e-06]\n",
      "Inverse Kinematics Converged after 81 iterations\n",
      "q_dest: [1.08204649 0.73710049 0.81071874 1.10506637 1.57066253]\n",
      "Path following errors:\n",
      "[array([-65.42923567, -49.33199474, -44.36460534, -58.59816087,\n",
      "       -88.42923029]), array([-60.55141513, -40.56472093, -44.32077432, -62.42235406,\n",
      "       -88.42925708]), array([-60.67359459, -40.79744713, -44.2769433 , -62.24654725,\n",
      "       -88.42928388]), array([-60.79577405, -41.03017332, -44.23311228, -62.07074044,\n",
      "       -88.42931067]), array([-60.91795351, -41.26289951, -44.18928126, -61.89493363,\n",
      "       -88.42933747])]\n",
      "[[-0.5566704  -0.24620194 -0.79341204]\n",
      " [-0.66341395  0.70658796  0.24620194]\n",
      " [ 0.5         0.66341395 -0.5566704 ]] [0.15816513 0.18849386 0.11814353]\n",
      "[-6.85859967e-05 -9.73244383e-05  5.17012552e-06  1.43105643e-05\n",
      " -4.71134733e-06  6.76441665e-06]\n",
      "Inverse Kinematics Converged after 81 iterations\n",
      "q_0: [1.08204649 0.73710049 0.81071874 1.10506637 1.57066253]\n",
      "[[-0.5566704  -0.24620194 -0.79341204]\n",
      " [-0.66341395  0.70658796  0.24620194]\n",
      " [ 0.5         0.66341395 -0.5566704 ]] [0.15816513 0.18849386 0.11814353]\n",
      "[-6.85859967e-05 -9.73244383e-05  5.17012553e-06 -6.77937885e-06\n",
      " -4.43702461e-05 -5.62730124e-05]\n",
      "Inverse Kinematics Converged after 81 iterations\n",
      "q_dest: [1.08204649 0.54120623 0.54000181 1.57167756 1.57066253]\n",
      "Path following errors:\n",
      "[array([-60.91795351, -33.26289951, -32.18928126, -85.89493363,\n",
      "       -88.42933747]), array([-60.91795351, -31.31187308, -30.25696049, -88.77828083,\n",
      "       -88.42933747]), array([-60.91795351, -31.36084664, -30.32463973, -88.66162803,\n",
      "       -88.42933747]), array([-60.91795351, -31.4098202 , -30.39231896, -88.54497524,\n",
      "       -88.42933747]), array([-60.91795351, -31.45879377, -30.45999819, -88.42832244,\n",
      "       -88.42933747])]\n",
      "[[-0.5566704  -0.24620194 -0.79341204]\n",
      " [-0.66341395  0.70658796  0.24620194]\n",
      " [ 0.5         0.66341395 -0.5566704 ]] [0.15816513 0.18849386 0.11814353]\n",
      "[-6.85859967e-05 -9.73244383e-05  5.17012553e-06 -6.77937885e-06\n",
      " -4.43702461e-05 -5.62730124e-05]\n",
      "Inverse Kinematics Converged after 81 iterations\n",
      "q_0: [1.08204649 0.54120623 0.54000181 1.57167756 1.57066253]\n",
      "[[-0.5566704  -0.24620194 -0.79341204]\n",
      " [-0.66341395  0.70658796  0.24620194]\n",
      " [ 0.5         0.66341395 -0.5566704 ]] [0.15816513 0.18849386 0.11814353]\n",
      "[-2.12989104e-05 -2.41208330e-05 -2.07527463e-05  5.43824948e-06\n",
      " -6.05502547e-05  9.44446327e-05]\n",
      "Inverse Kinematics Converged after 94 iterations\n",
      "q_dest: [1.57076433 1.66800526 0.63539466 0.40183913 1.57076971]\n",
      "Path following errors:\n",
      "[array([-81.91795351, -83.45879377, -34.45999819, -28.42832244,\n",
      "       -88.42933747]), array([-87.79577405, -94.17709401, -34.43614998, -22.72078205,\n",
      "       -88.42931067]), array([-87.67359459, -93.89539425, -34.41230177, -23.01324166,\n",
      "       -88.42928388]), array([-87.55141513, -93.6136945 , -34.38845356, -23.30570126,\n",
      "       -88.42925708]), array([-87.42923567, -93.33199474, -34.36460534, -23.59816087,\n",
      "       -88.42923029])]\n",
      "[[-0.5566704  -0.24620194 -0.79341204]\n",
      " [-0.66341395  0.70658796  0.24620194]\n",
      " [ 0.5         0.66341395 -0.5566704 ]] [0.15816513 0.18849386 0.11814353]\n",
      "[-2.12989104e-05 -2.41208330e-05 -2.07527463e-05  5.43824948e-06\n",
      " -6.05502547e-05  9.44446327e-05]\n",
      "Inverse Kinematics Converged after 94 iterations\n",
      "q_0: [1.57076433 1.66800526 0.63539466 0.40183913 1.57076971]\n",
      "[[-0.5566704  -0.24620194 -0.79341204]\n",
      " [-0.66341395  0.70658796  0.24620194]\n",
      " [ 0.5         0.66341395 -0.5566704 ]] [0.15816513 0.18849386 0.11814353]\n",
      "[ 3.05021673e-06 -5.45224596e-05 -1.40990154e-05  1.54190935e-05\n",
      " -9.06369793e-06 -9.75430816e-05]\n",
      "Inverse Kinematics Converged after 89 iterations\n",
      "q_dest: [1.57071725 1.20399184 0.42040854 0.6445307  1.57071151]\n",
      "Path following errors:\n",
      "[array([-87.42923567, -72.33199474, -25.36460534, -35.59816087,\n",
      "       -88.42923029]), array([-87.42924744, -67.4479981 , -24.41835187, -36.53748798,\n",
      "       -88.42924484]), array([-87.42925921, -67.56400145, -24.4720984 , -36.47681509,\n",
      "       -88.42925939]), array([-87.42927098, -67.6800048 , -24.52584493, -36.41614219,\n",
      "       -88.42927394]), array([-87.42928275, -67.79600816, -24.57959146, -36.3554693 ,\n",
      "       -88.42928849])]\n",
      "[[-0.5566704  -0.24620194 -0.79341204]\n",
      " [-0.66341395  0.70658796  0.24620194]\n",
      " [ 0.5         0.66341395 -0.5566704 ]] [0.15816513 0.18849386 0.11814353]\n",
      "[ 3.05021673e-06 -5.45224596e-05 -1.40990154e-05  1.54190935e-05\n",
      " -9.06369793e-06 -9.75430816e-05]\n",
      "Inverse Kinematics Converged after 89 iterations\n",
      "q_0: [1.57071725 1.20399184 0.42040854 0.6445307  1.57071151]\n",
      "[[-0.5566704  -0.24620194 -0.79341204]\n",
      " [-0.66341395  0.70658796  0.24620194]\n",
      " [ 0.5         0.66341395 -0.5566704 ]] [0.15816513 0.18849386 0.11814353]\n",
      "[-2.12989104e-05 -2.41208330e-05 -2.07527463e-05  5.43824948e-06\n",
      " -6.05502547e-05  9.44446327e-05]\n",
      "Inverse Kinematics Converged after 94 iterations\n",
      "q_dest: [1.57076433 1.66800526 0.63539466 0.40183913 1.57076971]\n",
      "Path following errors:\n",
      "[array([-87.42928275, -88.79600816, -33.57959146, -24.3554693 ,\n",
      "       -88.42928849]), array([-87.42927098, -93.6800048 , -35.52584493, -23.41614219,\n",
      "       -88.42927394]), array([-87.42925921, -93.56400145, -35.4720984 , -23.47681509,\n",
      "       -88.42925939]), array([-87.42924744, -93.4479981 , -35.41835187, -23.53748798,\n",
      "       -88.42924484]), array([-87.42923567, -93.33199474, -35.36460534, -23.59816087,\n",
      "       -88.42923029])]\n",
      "[[-0.5566704  -0.24620194 -0.79341204]\n",
      " [-0.66341395  0.70658796  0.24620194]\n",
      " [ 0.5         0.66341395 -0.5566704 ]] [0.15816513 0.18849386 0.11814353]\n",
      "[-2.12989104e-05 -2.41208330e-05 -2.07527463e-05  5.43824948e-06\n",
      " -6.05502547e-05  9.44446327e-05]\n",
      "Inverse Kinematics Converged after 94 iterations\n",
      "q_0: [1.57076433 1.66800526 0.63539466 0.40183913 1.57076971]\n",
      "[[-0.5566704  -0.24620194 -0.79341204]\n",
      " [-0.66341395  0.70658796  0.24620194]\n",
      " [ 0.5         0.66341395 -0.5566704 ]] [0.15816513 0.18849386 0.11814353]\n",
      "[ 5.52037903e-06 -1.21012102e-05  9.15629100e-06 -1.72940164e-05\n",
      " -1.68892509e-05 -9.56303642e-05]\n",
      "Inverse Kinematics Converged after 105 iterations\n",
      "q_dest: [0.76794407 1.15215876 0.34756092 0.48996821 1.57078542]\n",
      "Path following errors:\n",
      "[array([-51.42923567, -69.33199474, -22.36460534, -27.59816087,\n",
      "       -88.42923029]), array([-42.62994074, -64.46095637, -19.43656378, -27.5761286 ,\n",
      "       -88.42922636]), array([-42.8306458 , -64.58991799, -19.50852221, -27.55409633,\n",
      "       -88.42922243]), array([-43.03135087, -64.71887962, -19.58048064, -27.53206406,\n",
      "       -88.4292185 ]), array([-43.23205593, -64.84784124, -19.65243908, -27.51003179,\n",
      "       -88.42921458])]\n",
      "[[-0.5566704  -0.24620194 -0.79341204]\n",
      " [-0.66341395  0.70658796  0.24620194]\n",
      " [ 0.5         0.66341395 -0.5566704 ]] [0.15816513 0.18849386 0.11814353]\n",
      "[ 5.52037903e-06 -1.21012102e-05  9.15629100e-06 -1.72940164e-05\n",
      " -1.68892509e-05 -9.56303642e-05]\n",
      "Inverse Kinematics Converged after 105 iterations\n",
      "q_0: [0.76794407 1.15215876 0.34756092 0.48996821 1.57078542]\n",
      "[[-0.5566704  -0.24620194 -0.79341204]\n",
      " [-0.66341395  0.70658796  0.24620194]\n",
      " [ 0.5         0.66341395 -0.5566704 ]] [0.15816513 0.18849386 0.11814353]\n",
      "[-2.12989104e-05 -2.41208330e-05 -2.07527463e-05  5.43824948e-06\n",
      " -6.05502547e-05  9.44446327e-05]\n",
      "Inverse Kinematics Converged after 94 iterations\n",
      "q_dest: [1.57076433 1.66800526 0.63539466 0.40183913 1.57076971]\n",
      "Path following errors:\n",
      "[array([-79.23205593, -88.84784124, -33.65243908, -23.51003179,\n",
      "       -88.42921458]), array([-88.03135087, -93.71887962, -34.58048064, -23.53206406,\n",
      "       -88.4292185 ]), array([-87.8306458 , -93.58991799, -34.50852221, -23.55409633,\n",
      "       -88.42922243]), array([-87.62994074, -93.46095637, -34.43656378, -23.5761286 ,\n",
      "       -88.42922636]), array([-87.42923567, -93.33199474, -34.36460534, -23.59816087,\n",
      "       -88.42923029])]\n",
      "[[-0.5566704  -0.24620194 -0.79341204]\n",
      " [-0.66341395  0.70658796  0.24620194]\n",
      " [ 0.5         0.66341395 -0.5566704 ]] [0.15816513 0.18849386 0.11814353]\n",
      "[-2.12989104e-05 -2.41208330e-05 -2.07527463e-05  5.43824948e-06\n",
      " -6.05502547e-05  9.44446327e-05]\n",
      "Inverse Kinematics Converged after 94 iterations\n",
      "q_0: [1.57076433 1.66800526 0.63539466 0.40183913 1.57076971]\n",
      "[[-0.5566704  -0.24620194 -0.79341204]\n",
      " [-0.66341395  0.70658796  0.24620194]\n",
      " [ 0.5         0.66341395 -0.5566704 ]] [0.15816513 0.18849386 0.11814353]\n",
      "[ 2.74510047e-06 -4.90702199e-05 -1.26890989e-05  1.30260413e-05\n",
      "  3.12928110e-05 -9.87531660e-05]\n",
      "Inverse Kinematics Converged after 90 iterations\n",
      "q_dest: [1.57072516 1.25992965 0.74564966 0.26335147 1.57071999]\n",
      "Path following errors:\n",
      "[array([-87.42923567, -75.33199474, -41.36460534, -16.59816087,\n",
      "       -88.42923029]), array([-87.42924547, -71.43401364, -41.33704159, -15.63278279,\n",
      "       -88.42924272]), array([-87.42925526, -70.53603255, -41.30947784, -15.6674047 ,\n",
      "       -88.42925515]), array([-87.42926505, -70.63805145, -41.28191409, -15.70202662,\n",
      "       -88.42926758]), array([-87.42927484, -70.74007035, -41.25435034, -15.73664853,\n",
      "       -88.42928001])]\n",
      "[[-0.5566704  -0.24620194 -0.79341204]\n",
      " [-0.66341395  0.70658796  0.24620194]\n",
      " [ 0.5         0.66341395 -0.5566704 ]] [0.15816513 0.18849386 0.11814353]\n",
      "[ 2.74510047e-06 -4.90702199e-05 -1.26890989e-05  1.30260413e-05\n",
      "  3.12928110e-05 -9.87531660e-05]\n",
      "Inverse Kinematics Converged after 90 iterations\n",
      "q_0: [1.57072516 1.25992965 0.74564966 0.26335147 1.57071999]\n",
      "[[-0.5566704  -0.24620194 -0.79341204]\n",
      " [-0.66341395  0.70658796  0.24620194]\n",
      " [ 0.5         0.66341395 -0.5566704 ]] [0.15816513 0.18849386 0.11814353]\n",
      "[-2.12989104e-05 -2.41208330e-05 -2.07527463e-05  5.43824948e-06\n",
      " -6.05502547e-05  9.44446327e-05]\n",
      "Inverse Kinematics Converged after 94 iterations\n",
      "q_dest: [1.57076433 1.66800526 0.63539466 0.40183913 1.57076971]\n",
      "Path following errors:\n",
      "[array([-87.42927484, -89.74007035, -37.25435034, -21.73664853,\n",
      "       -88.42928001]), array([-87.42926505, -93.63805145, -36.28191409, -21.70202662,\n",
      "       -88.42926758]), array([-87.42925526, -93.53603255, -36.30947784, -21.6674047 ,\n",
      "       -88.42925515]), array([-87.42924547, -93.43401364, -36.33704159, -21.63278279,\n",
      "       -88.42924272]), array([-87.42923567, -93.33199474, -36.36460534, -21.59816087,\n",
      "       -88.42923029])]\n",
      "[[-0.5566704  -0.24620194 -0.79341204]\n",
      " [-0.66341395  0.70658796  0.24620194]\n",
      " [ 0.5         0.66341395 -0.5566704 ]] [0.15816513 0.18849386 0.11814353]\n",
      "[-2.12989104e-05 -2.41208330e-05 -2.07527463e-05  5.43824948e-06\n",
      " -6.05502547e-05  9.44446327e-05]\n",
      "Inverse Kinematics Converged after 94 iterations\n",
      "q_0: [1.57076433 1.66800526 0.63539466 0.40183913 1.57076971]\n",
      "[[-0.5566704  -0.24620194 -0.79341204]\n",
      " [-0.66341395  0.70658796  0.24620194]\n",
      " [ 0.5         0.66341395 -0.5566704 ]] [0.15816513 0.18849386 0.11814353]\n",
      "[ 5.45226714e-06 -9.48646208e-06 -6.84355102e-06  1.65579280e-05\n",
      " -8.85363596e-06 -9.30318559e-05]\n",
      "Inverse Kinematics Converged after 108 iterations\n",
      "q_dest: [2.37361733 1.1520602  0.34774093 0.48987117 1.57077048]\n",
      "Path following errors:\n",
      "[array([-124.42923567,  -69.33199474,  -22.36460534,  -27.59816087,\n",
      "        -88.42923029]), array([-133.22852242,  -64.46098101,  -19.43651877,  -27.57615286,\n",
      "        -88.4292301 ]), array([-133.02780917,  -64.58996727,  -19.50843221,  -27.55414485,\n",
      "        -88.4292299 ]), array([-132.82709592,  -64.71895353,  -19.58034564,  -27.53213684,\n",
      "        -88.42922971]), array([-132.62638267,  -64.8479398 ,  -19.65225907,  -27.51012883,\n",
      "        -88.42922952])]\n",
      "[[-0.5566704  -0.24620194 -0.79341204]\n",
      " [-0.66341395  0.70658796  0.24620194]\n",
      " [ 0.5         0.66341395 -0.5566704 ]] [0.15816513 0.18849386 0.11814353]\n",
      "[ 5.45226714e-06 -9.48646208e-06 -6.84355102e-06  1.65579280e-05\n",
      " -8.85363596e-06 -9.30318559e-05]\n",
      "Inverse Kinematics Converged after 108 iterations\n",
      "q_0: [2.37361733 1.1520602  0.34774093 0.48987117 1.57077048]\n",
      "[[-0.5566704  -0.24620194 -0.79341204]\n",
      " [-0.66341395  0.70658796  0.24620194]\n",
      " [ 0.5         0.66341395 -0.5566704 ]] [0.15816513 0.18849386 0.11814353]\n",
      "[-2.12989104e-05 -2.41208330e-05 -2.07527463e-05  5.43824948e-06\n",
      " -6.05502547e-05  9.44446327e-05]\n",
      "Inverse Kinematics Converged after 94 iterations\n",
      "q_dest: [1.57076433 1.66800526 0.63539466 0.40183913 1.57076971]\n",
      "Path following errors:\n",
      "[array([-96.62638267, -88.8479398 , -33.65225907, -23.51012883,\n",
      "       -88.42922952]), array([-87.82709592, -93.71895353, -34.58034564, -23.53213684,\n",
      "       -88.42922971]), array([-88.02780917, -93.58996727, -34.50843221, -23.55414485,\n",
      "       -88.4292299 ]), array([-88.22852242, -93.46098101, -34.43651877, -23.57615286,\n",
      "       -88.4292301 ]), array([-88.42923567, -93.33199474, -34.36460534, -23.59816087,\n",
      "       -88.42923029])]\n",
      "[[-0.5566704  -0.24620194 -0.79341204]\n",
      " [-0.66341395  0.70658796  0.24620194]\n",
      " [ 0.5         0.66341395 -0.5566704 ]] [0.15816513 0.18849386 0.11814353]\n",
      "[-2.12989104e-05 -2.41208330e-05 -2.07527463e-05  5.43824948e-06\n",
      " -6.05502547e-05  9.44446327e-05]\n",
      "Inverse Kinematics Converged after 94 iterations\n",
      "q_0: [1.57076433 1.66800526 0.63539466 0.40183913 1.57076971]\n",
      "[[-0.5566704  -0.24620194 -0.79341204]\n",
      " [-0.66341395  0.70658796  0.24620194]\n",
      " [ 0.5         0.66341395 -0.5566704 ]] [0.15816513 0.18849386 0.11814353]\n",
      "[-5.67405455e-06 -8.97176409e-05 -3.02341667e-05  2.28883433e-05\n",
      "  4.52894768e-05 -9.47776001e-05]\n",
      "Inverse Kinematics Converged after 84 iterations\n",
      "q_dest: [1.57067319 1.25680636 0.85365413 0.22827504 1.57066717]\n",
      "Path following errors:\n",
      "[array([-88.42923567, -74.33199474, -46.36460534, -14.59816087,\n",
      "       -88.42923029]), array([-88.42925846, -71.43479447, -48.31004048, -13.64155189,\n",
      "       -88.42925592]), array([-88.42928124, -71.53759419, -48.25547561, -13.68494292,\n",
      "       -88.42928156]), array([-88.42930403, -71.64039392, -48.20091074, -13.72833394,\n",
      "       -88.42930719]), array([-88.42932681, -71.74319364, -48.14634587, -13.77172496,\n",
      "       -88.42933283])]\n",
      "[[-0.5566704  -0.24620194 -0.79341204]\n",
      " [-0.66341395  0.70658796  0.24620194]\n",
      " [ 0.5         0.66341395 -0.5566704 ]] [0.15816513 0.18849386 0.11814353]\n",
      "[-5.67405455e-06 -8.97176409e-05 -3.02341667e-05  2.28883433e-05\n",
      "  4.52894768e-05 -9.47776001e-05]\n",
      "Inverse Kinematics Converged after 84 iterations\n",
      "q_0: [1.57067319 1.25680636 0.85365413 0.22827504 1.57066717]\n",
      "[[-0.5566704  -0.24620194 -0.79341204]\n",
      " [-0.66341395  0.70658796  0.24620194]\n",
      " [ 0.5         0.66341395 -0.5566704 ]] [0.15816513 0.18849386 0.11814353]\n",
      "[-2.12989104e-05 -2.41208330e-05 -2.07527463e-05  5.43824948e-06\n",
      " -6.05502547e-05  9.44446327e-05]\n",
      "Inverse Kinematics Converged after 94 iterations\n",
      "q_dest: [1.57076433 1.66800526 0.63539466 0.40183913 1.57076971]\n",
      "Path following errors:\n",
      "[array([-88.42932681, -89.74319364, -38.14634587, -21.77172496,\n",
      "       -88.42933283]), array([-88.42930403, -93.64039392, -36.20091074, -21.72833394,\n",
      "       -88.42930719]), array([-88.42928124, -93.53759419, -36.25547561, -21.68494292,\n",
      "       -88.42928156]), array([-88.42925846, -93.43479447, -36.31004048, -21.64155189,\n",
      "       -88.42925592]), array([-88.42923567, -93.33199474, -36.36460534, -21.59816087,\n",
      "       -88.42923029])]\n",
      "passed Path Following\n"
     ]
    }
   ],
   "source": [
    "home = np.array([90, 90, 90, 90, 90])[None].T*math.pi/180\n",
    "\n",
    "start = np.array( [90, 110, 50, 10, 90])[None].T*math.pi/180\n",
    "red = np.array(   [115, 28, 45, 75, 90])[None].T*math.pi/180\n",
    "yellow = np.array([62, 31, 31, 90, 90])[None].T*math.pi/180\n",
    "blue = np.array(  [44, 66, 20, 28, 90])[None].T*math.pi/180\n",
    "green = np.array([136, 66, 20, 28, 90])[None].T*math.pi/180\n",
    "\n",
    "\n",
    "block4 = np.array([90, 72, 49, 13, 90])[None].T*math.pi/180\n",
    "\n",
    "\n",
    "R_start, P_start = fwdkin(dofbot, start)\n",
    "R_red, P_red = fwdkin(dofbot, red)\n",
    "R_yellow, P_yellow = fwdkin(dofbot, yellow)\n",
    "R_blue, P_blue = fwdkin(dofbot, blue)\n",
    "R_green, P_green = fwdkin(dofbot, green)\n",
    "# P_blue = P_yellow - np.array([0,0.14,0])\n",
    "# R_blue = rot(ex, 40*math.pi/180) @ rot(ez, -45*math.pi/180) @ R_mid\n",
    "R_home, P_home = fwdkin(dofbot, home)\n",
    "R_b4, P_b4 = fwdkin(dofbot, block4)\n",
    "\n",
    "\n",
    "R_mid_5 = rot(ex, -115*math.pi/180) @ R_home\n",
    "R_mid = rot(ex, -140*math.pi/180) @ R_home\n",
    "R_mid_4 = rot(ex, -20*math.pi/180) @ R_mid_5\n",
    "\n",
    "#          x    y    z \n",
    "P_mid =   [0, 0.2, 0.062]\n",
    "P_mid_2 = [0, 0.195, 0.088]\n",
    "P_mid_3 = [0, 0.183, 0.12]\n",
    "P_mid_4 = [0, 0.18, 0.158]\n",
    "P_mid_5 = [0, 0.17, 0.188]\n",
    "\n",
    "\n",
    "print(R_red, R_yellow)\n",
    "print(P_red, P_yellow)\n",
    "\n",
    "\n",
    "path_planner(Arm, dofbot, N, R_home, P_home, R_mid_5, P_mid_5, Kp, Ki, Kd, 90, time, doPID)\n",
    "path_planner(Arm, dofbot, N, R_mid_5, P_mid_5, R_red, P_red + np.array([0, 0, 0.05]), Kp, Ki, Kd, 90, time, doPID)\n",
    "path_planner(Arm, dofbot, N, R_red, P_red + np.array([0, 0, 0.05]), R_red, P_red, Kp, Ki, Kd, 90, time, doPID)\n",
    "path_planner(Arm, dofbot, N, R_red, P_red, R_mid, P_mid, Kp, Ki, Kd, 150, time, doPID)\n",
    "path_planner(Arm, dofbot, N, R_mid, P_mid, R_mid_5, P_mid_5, Kp, Ki, Kd, 90, time, doPID)\n",
    "\n",
    "\n",
    "path_planner(Arm, dofbot, N, R_mid_5, P_mid_5, R_yellow, P_yellow + np.array([0, 0, 0.05]), Kp, Ki, Kd, 90, time, doPID)\n",
    "path_planner(Arm, dofbot, N, R_yellow, P_yellow + np.array([0, 0, 0.05]), R_yellow, P_yellow, Kp, Ki, Kd, 90, time, doPID)\n",
    "path_planner(Arm, dofbot, N, R_yellow, P_yellow, R_mid_5, P_mid_5, Kp, Ki, Kd, 150, time, doPID)\n",
    "path_planner(Arm, dofbot, N, R_mid_5, P_mid_5, R_mid, P_mid_2, Kp, Ki, Kd, 150, time, doPID)\n",
    "\n",
    "path_planner(Arm, dofbot, N, R_mid, P_mid_2, R_mid_5, P_mid_5, Kp, Ki, Kd, 90, time, doPID)\n",
    "path_planner(Arm, dofbot, N, R_mid_5, P_mid_5, R_blue, P_blue, Kp, Ki, Kd, 90, time, doPID)\n",
    "path_planner(Arm, dofbot, N, R_blue, P_blue, R_mid_5, P_mid_5, Kp, Ki, Kd, 150, time, doPID)\n",
    "path_planner(Arm, dofbot, N, R_mid_5, P_mid_5, R_mid, P_mid_3, Kp, Ki, Kd, 150, time, doPID)\n",
    "\n",
    "\n",
    "path_planner(Arm, dofbot, N, R_mid, P_mid_3, R_mid_5, P_mid_5, Kp, Ki, Kd, 90, time, doPID)\n",
    "path_planner(Arm, dofbot, N, R_mid_5, P_mid_5, R_green, P_green, Kp, Ki, Kd, 90, time, doPID)\n",
    "path_planner(Arm, dofbot, N, R_green, P_green, R_mid_5, P_mid_5, Kp, Ki, Kd, 150, time, doPID)\n",
    "path_planner(Arm, dofbot, N, R_mid_5, P_mid_5, R_b4, P_b4, Kp, Ki, Kd, 150, time, doPID)\n",
    "\n",
    "path_planner(Arm, dofbot, N, R_b4, P_b4, R_mid_5, P_mid_5, Kp, Ki, Kd, 90, time, doPID)\n",
    "\n",
    "\n",
    "print(\"passed Path Following\")"
   ]
  },
  {
   "cell_type": "markdown",
   "metadata": {},
   "source": [
    "# "
   ]
  },
  {
   "cell_type": "code",
   "execution_count": null,
   "metadata": {},
   "outputs": [],
   "source": []
  }
 ],
 "metadata": {
  "kernelspec": {
   "display_name": "Python 3",
   "language": "python",
   "name": "python3"
  },
  "language_info": {
   "codemirror_mode": {
    "name": "ipython",
    "version": 3
   },
   "file_extension": ".py",
   "mimetype": "text/x-python",
   "name": "python",
   "nbconvert_exporter": "python",
   "pygments_lexer": "ipython3",
   "version": "3.6.9"
  }
 },
 "nbformat": 4,
 "nbformat_minor": 4
}
