{
 "cells": [
  {
   "cell_type": "code",
   "execution_count": 2,
   "metadata": {},
   "outputs": [],
   "source": [
    "import numpy as np\n",
    "from Robot import UR5Arm\n",
    "from fwdkin import fwdkin\n",
    "import math\n",
    "from path_planning import path_planner\n",
    "from Arm_Lib import Arm_Device\n",
    "from utils import rot\n",
    "Arm = Arm_Device()\n"
   ]
  },
  {
   "cell_type": "code",
   "execution_count": 3,
   "metadata": {},
   "outputs": [
    {
     "name": "stdout",
     "output_type": "stream",
     "text": [
      "[[ 0.       0.       0.08285 -0.       0.      -0.12842]\n",
      " [ 0.       0.       0.      -0.       0.      -0.     ]\n",
      " [ 0.1045   0.       0.      -0.08285  0.      -0.     ]] [[ 0  0  0  0 -1]\n",
      " [ 0 -1 -1 -1  0]\n",
      " [ 1  0  0  0  0]]\n"
     ]
    }
   ],
   "source": [
    "ex = np.array([1,0,0])\n",
    "ey = np.array([0,1,0])\n",
    "ez = np.array([0,0,1])\n",
    "l0 = 0.061 # base to servo 1\n",
    "l1 = 0.0435 # servo 1 to servo 2\n",
    "l2 = 0.08285 # servo 2 to servo 3\n",
    "l3 = 0.08285 # servo 3 to servo 4\n",
    "l4 = 0.07385 # servo 4 to servo 5\n",
    "l5 = 0.05457 # servo 5 to gripper\n",
    "P01 = ( l0 + l1 ) * ez \n",
    "P12 = np.zeros (3) # translation between 1 and 2 frame in 1 frame\n",
    "P23 = l2 * ex # translation between 2 and 3 frame in 2 frame\n",
    "P34 = - l3 * ez # translation between 3 and 4 frame in 3 frame\n",
    "P45 = np.zeros (3) # translation between 4 and 5 frame in 4 frame\n",
    "P5T = -( l4 + l5 ) * ex \n",
    "\n",
    "P = np.array([P01, P12, P23, P34, P45, P5T]).T\n",
    "H = np.array([ez, -ey, -ey, -ey, -ex]).T\n",
    "print(P,H)\n",
    "limits = None \n",
    "dofbot = UR5Arm(P, H, limits)"
   ]
  },
  {
   "cell_type": "code",
   "execution_count": 41,
   "metadata": {},
   "outputs": [],
   "source": [
    "Kp = 0.0000001\n",
    "Ki = 0.00000001\n",
    "Kd = 0.00000001\n",
    "\n",
    "doPID = True \n",
    "\n",
    "time = 800\n",
    "N = 5\n",
    "\n",
    "hover = [90, 40, 40, 90, 90]\n",
    "hover_right = [65, 40, 40, 90, 90]\n",
    "hover_2 = [62, 61, -13, 100, 90]\n",
    "\n"
   ]
  },
  {
   "cell_type": "code",
   "execution_count": null,
   "metadata": {},
   "outputs": [
    {
     "name": "stdout",
     "output_type": "stream",
     "text": [
      "[[ 3.58400612e-01 -2.23953558e-01 -9.06307787e-01]\n",
      " [-7.68592593e-01  4.80269956e-01 -4.22618262e-01]\n",
      " [ 5.29919264e-01  8.48048096e-01 -9.41522522e-17]] [[-4.14518786e-01  2.20403548e-01 -8.82947593e-01]\n",
      " [-7.79596452e-01  4.14518786e-01  4.69471563e-01]\n",
      " [ 4.69471563e-01  8.82947593e-01 -9.80268747e-17]]\n",
      "[-0.11042525  0.23680771  0.05112049] [0.12091552 0.22740902 0.04798565]\n",
      "[[-0.5566704  -0.24620194 -0.79341204]\n",
      " [-0.66341395  0.70658796  0.24620194]\n",
      " [ 0.5         0.66341395 -0.5566704 ]] [0.15816513 0.18849386 0.11814353]\n",
      "[ 3.05021673e-06 -5.45224596e-05 -1.40990154e-05  1.54190935e-05\n",
      " -9.06369793e-06 -9.75430816e-05]\n",
      "Inverse Kinematics Converged after 89 iterations\n",
      "q_0: [1.57071725 1.20399184 0.42040854 0.6445307  1.57071151]\n",
      "[[-0.5566704  -0.24620194 -0.79341204]\n",
      " [-0.66341395  0.70658796  0.24620194]\n",
      " [ 0.5         0.66341395 -0.5566704 ]] [0.15816513 0.18849386 0.11814353]\n",
      "[-2.12989104e-05 -2.41208330e-05 -2.07527463e-05  5.43824948e-06\n",
      " -6.05502547e-05  9.44446327e-05]\n",
      "Inverse Kinematics Converged after 94 iterations\n",
      "q_dest: [1.57076433 1.66800526 0.63539466 0.40183913 1.57076971]\n",
      "Path following errors:\n",
      "[array([-87.42928275, -88.79600816, -33.57959146, -24.3554693 ,\n",
      "       -88.42928849]), array([-87.42927098, -93.6800048 , -35.52584493, -23.41614219,\n",
      "       -88.42927394]), array([-87.42925921, -93.56400145, -35.4720984 , -23.47681509,\n",
      "       -88.42925939]), array([-87.42924744, -93.4479981 , -35.41835187, -23.53748798,\n",
      "       -88.42924484]), array([-87.42923567, -93.33199474, -35.36460534, -23.59816087,\n",
      "       -88.42923029])]\n",
      "[[-0.5566704  -0.24620194 -0.79341204]\n",
      " [-0.66341395  0.70658796  0.24620194]\n",
      " [ 0.5         0.66341395 -0.5566704 ]] [0.15816513 0.18849386 0.11814353]\n",
      "[-2.12989104e-05 -2.41208330e-05 -2.07527463e-05  5.43824948e-06\n",
      " -6.05502547e-05  9.44446327e-05]\n",
      "Inverse Kinematics Converged after 94 iterations\n",
      "q_0: [1.57076433 1.66800526 0.63539466 0.40183913 1.57076971]\n",
      "[[-0.5566704  -0.24620194 -0.79341204]\n",
      " [-0.66341395  0.70658796  0.24620194]\n",
      " [ 0.5         0.66341395 -0.5566704 ]] [0.15816513 0.18849386 0.11814353]\n",
      "Inverse Kinematics Didn't Converge\n",
      "[[-0.5566704  -0.24620194 -0.79341204]\n",
      " [-0.66341395  0.70658796  0.24620194]\n",
      " [ 0.5         0.66341395 -0.5566704 ]] [0.15816513 0.18849386 0.11814353]\n",
      "Inverse Kinematics Didn't Converge\n",
      "[[-0.5566704  -0.24620194 -0.79341204]\n",
      " [-0.66341395  0.70658796  0.24620194]\n",
      " [ 0.5         0.66341395 -0.5566704 ]] [0.15816513 0.18849386 0.11814353]\n",
      "Inverse Kinematics Didn't Converge\n",
      "[[-0.5566704  -0.24620194 -0.79341204]\n",
      " [-0.66341395  0.70658796  0.24620194]\n",
      " [ 0.5         0.66341395 -0.5566704 ]] [0.15816513 0.18849386 0.11814353]\n",
      "Inverse Kinematics Didn't Converge\n",
      "[[-0.5566704  -0.24620194 -0.79341204]\n",
      " [-0.66341395  0.70658796  0.24620194]\n",
      " [ 0.5         0.66341395 -0.5566704 ]] [0.15816513 0.18849386 0.11814353]\n",
      "Inverse Kinematics Didn't Converge\n",
      "[[-0.5566704  -0.24620194 -0.79341204]\n",
      " [-0.66341395  0.70658796  0.24620194]\n",
      " [ 0.5         0.66341395 -0.5566704 ]] [0.15816513 0.18849386 0.11814353]\n",
      "Inverse Kinematics Didn't Converge\n",
      "[[-0.5566704  -0.24620194 -0.79341204]\n",
      " [-0.66341395  0.70658796  0.24620194]\n",
      " [ 0.5         0.66341395 -0.5566704 ]] [0.15816513 0.18849386 0.11814353]\n",
      "Inverse Kinematics Didn't Converge\n",
      "[[-0.5566704  -0.24620194 -0.79341204]\n",
      " [-0.66341395  0.70658796  0.24620194]\n",
      " [ 0.5         0.66341395 -0.5566704 ]] [0.15816513 0.18849386 0.11814353]\n",
      "Inverse Kinematics Didn't Converge\n",
      "[[-0.5566704  -0.24620194 -0.79341204]\n",
      " [-0.66341395  0.70658796  0.24620194]\n",
      " [ 0.5         0.66341395 -0.5566704 ]] [0.15816513 0.18849386 0.11814353]\n",
      "Inverse Kinematics Didn't Converge\n",
      "[[-0.5566704  -0.24620194 -0.79341204]\n",
      " [-0.66341395  0.70658796  0.24620194]\n",
      " [ 0.5         0.66341395 -0.5566704 ]] [0.15816513 0.18849386 0.11814353]\n",
      "Inverse Kinematics Didn't Converge\n",
      "[[-0.5566704  -0.24620194 -0.79341204]\n",
      " [-0.66341395  0.70658796  0.24620194]\n",
      " [ 0.5         0.66341395 -0.5566704 ]] [0.15816513 0.18849386 0.11814353]\n",
      "Inverse Kinematics Didn't Converge\n",
      "[[-0.5566704  -0.24620194 -0.79341204]\n",
      " [-0.66341395  0.70658796  0.24620194]\n",
      " [ 0.5         0.66341395 -0.5566704 ]] [0.15816513 0.18849386 0.11814353]\n",
      "Inverse Kinematics Didn't Converge\n",
      "[[-0.5566704  -0.24620194 -0.79341204]\n",
      " [-0.66341395  0.70658796  0.24620194]\n",
      " [ 0.5         0.66341395 -0.5566704 ]] [0.15816513 0.18849386 0.11814353]\n"
     ]
    }
   ],
   "source": [
    "home = np.array([90, 90, 90, 90, 90])[None].T*math.pi/180\n",
    "\n",
    "start = np.array( [90, 110, 50, 10, 90])[None].T*math.pi/180\n",
    "red = np.array(   [115, 28, 45, 75, 90])[None].T*math.pi/180\n",
    "yellow = np.array([62, 31, 31, 90, 90])[None].T*math.pi/180\n",
    "blue = np.array(  [42, 28, 45, 75, 90])[None].T*math.pi/180\n",
    "green = np.array([135, 31, 31, 90, 90])[None].T*math.pi/180\n",
    "\n",
    "\n",
    "\n",
    "\n",
    "R_start, P_start = fwdkin(dofbot, start)\n",
    "R_red, P_red = fwdkin(dofbot, red)\n",
    "R_yellow, P_yellow = fwdkin(dofbot, yellow)\n",
    "R_blue, P_blue = fwdkin(dofbot, blue)\n",
    "R_green, P_green = fwdkin(dofbot, green)\n",
    "# P_blue = P_yellow - np.array([0,0.14,0])\n",
    "# R_blue = rot(ex, 40*math.pi/180) @ rot(ez, -45*math.pi/180) @ R_mid\n",
    "R_home, P_home = fwdkin(dofbot, home)\n",
    "\n",
    "R_mid_5 = rot(ex, -115*math.pi/180) @ R_home\n",
    "R_mid = rot(ex, -140*math.pi/180) @ R_home\n",
    "\n",
    "#          x    y    z \n",
    "P_mid =   [0, 0.2, 0.062]\n",
    "P_mid_2 = [0, 0.195, 0.088]\n",
    "P_mid_3 = [0, 0.2, 0.118]\n",
    "P_mid_4 = [0, 0.2, 0.148]\n",
    "P_mid_5 = [0, 0.17, 0.188]\n",
    "\n",
    "\n",
    "print(R_red, R_yellow)\n",
    "print(P_red, P_yellow)\n",
    "\n",
    "\n",
    "# path_planner(Arm, dofbot, N, R_home, P_home, R_red, P_red, Kp, Ki, Kd, 90, time, doPID)\n",
    "# path_planner(Arm, dofbot, N, R_red, P_red, R_mid, P_mid, Kp, Ki, Kd, 150, time, doPID)\n",
    "\n",
    "# path_planner(Arm, dofbot, N, R_mid_5, P_mid_5, R_yellow, P_yellow + np.array([0, 0, 0.05]), Kp, Ki, Kd, 90, time, doPID)\n",
    "# path_planner(Arm, dofbot, N, R_yellow, P_yellow + np.array([0, 0, 0.05]), R_yellow, P_yellow, Kp, Ki, Kd, 90, time, doPID)\n",
    "# path_planner(Arm, dofbot, N, R_yellow, P_yellow, R_mid_5, P_mid_5, Kp, Ki, Kd, 150, time, doPID)\n",
    "# path_planner(Arm, dofbot, N, R_mid_5, P_mid_5, R_mid, P_mid_2, Kp, Ki, Kd, 150, time, doPID)\n",
    "\n",
    "path_planner(Arm, dofbot, N, R_mid, P_mid_2, R_mid_5, P_mid_5, Kp, Ki, Kd, 90, time, doPID)\n",
    "path_planner(Arm, dofbot, N, R_mid_5, P_mid_5, R_blue, P_blue + np.array([0, 0, 0.05]), Kp, Ki, Kd, 90, time, doPID)\n",
    "path_planner(Arm, dofbot, N, R_blue, P_blue + np.array([0, 0, 0.05]), R_blue, P_blue, Kp, Ki, Kd, 90, time, doPID)\n",
    "path_planner(Arm, dofbot, N, R_blue, P_blue, R_mid_5, P_mid_5, Kp, Ki, Kd, 150, time, doPID)\n",
    "path_planner(Arm, dofbot, N, R_mid_5, P_mid_5, R_mid, P_mid_3, Kp, Ki, Kd, 150, time, doPID)\n",
    "\n",
    "\n",
    "path_planner(Arm, dofbot, N, R_mid, P_mid_3, R_mid_5, P_mid_5, Kp, Ki, Kd, 90, time, doPID)\n",
    "path_planner(Arm, dofbot, N, R_mid_5, P_mid_5, R_green, P_green + np.array([0, 0, 0.05]), Kp, Ki, Kd, 90, time, doPID)\n",
    "path_planner(Arm, dofbot, N, R_green, P_green + np.array([0, 0, 0.05]), R_green, P_green, Kp, Ki, Kd, 90, time, doPID)\n",
    "path_planner(Arm, dofbot, N, R_green, P_green, R_mid_5, P_mid_5, Kp, Ki, Kd, 150, time, doPID)\n",
    "path_planner(Arm, dofbot, N, R_mid_5, P_mid_5, R_mid, P_mid_4, Kp, Ki, Kd, 150, time, doPID)\n",
    "\n",
    "path_planner(Arm, dofbot, N, R_mid, P_mid_4, R_mid_5, P_mid_5, Kp, Ki, Kd, 90, time, doPID)\n",
    "\n",
    "\n",
    "print(\"passed Path Following\")"
   ]
  },
  {
   "cell_type": "markdown",
   "metadata": {},
   "source": [
    "# "
   ]
  },
  {
   "cell_type": "code",
   "execution_count": null,
   "metadata": {},
   "outputs": [],
   "source": []
  }
 ],
 "metadata": {
  "kernelspec": {
   "display_name": "Python 3",
   "language": "python",
   "name": "python3"
  },
  "language_info": {
   "codemirror_mode": {
    "name": "ipython",
    "version": 3
   },
   "file_extension": ".py",
   "mimetype": "text/x-python",
   "name": "python",
   "nbconvert_exporter": "python",
   "pygments_lexer": "ipython3",
   "version": "3.6.9"
  }
 },
 "nbformat": 4,
 "nbformat_minor": 4
}
